-3.0245 -1.15429;
-3.0245 -1.13143;
-3.0245 -1.10857;
-3.0245 -1.08571;
-3.0245 -1.06286;
-3.0245 -1.06286;
-3.0245 -1.05143;
-3.0245 -1.04;
-3.0245 -1.01714;
-3.0245 -1.01714;
-3.0245 -0.994286;
-3.0245 -0.982857;
-3.0245 -0.971428;
-3.0245 -0.971428;
-3.013 -0.96;
-3.013 -0.948571;
-3.013 -0.948571;
-3.0015 -0.948571;
-3.0015 -0.948571;
-3.0015 -0.948571;
-3.0015 -0.937143;
-2.99 -0.925714;
-2.99 -0.914286;
-2.99 -0.902857;
-2.99 -0.891428;
-2.9785 -0.88;
-2.9785 -0.868571;
-2.9785 -0.857143;
-2.9785 -0.857143;
-2.9785 -0.845714;
-2.9785 -0.834286;
-2.9785 -0.834286;
-2.9785 -0.822857;
-2.9785 -0.811429;
-2.9785 -0.788571;
-2.9785 -0.777143;
-2.9785 -0.765714;
-2.9785 -0.754286;
-2.9785 -0.742857;
-2.9785 -0.742857;
-2.9785 -0.731429;
-2.9785 -0.72;
-2.9785 -0.72;
-2.9785 -0.708571;
-2.9785 -0.697143;
-2.9785 -0.697143;
-2.9785 -0.685714;
-2.9785 -0.674286;
-2.9785 -0.662857;
-2.9785 -0.651429;
-2.9785 -0.64;
-2.9785 -0.628572;
-2.9785 -0.628572;
-2.9785 -0.617143;
-2.9785 -0.605714;
-2.9785 -0.594285;
-2.9785 -0.571429;
-2.9785 -0.548572;
-2.9785 -0.537143;
-2.9785 -0.514286;
-2.967 -0.491428;
-2.9555 -0.457143;
-2.944 -0.411428;
-2.9325 -0.377143;
-2.921 -0.354286;
-2.921 -0.331429;
-2.9095 -0.308571;
-2.9095 -0.297143;
-2.898 -0.285714;
-2.898 -0.274286;
-2.898 -0.251429;
-2.8865 -0.228571;
-2.8865 -0.205714;
-2.8865 -0.194286;
-2.8865 -0.194286;
-2.8865 -0.182857;
-2.875 -0.171429;
-2.875 -0.16;
-2.875 -0.148571;
-2.8635 -0.125714;
-2.8635 -0.102857;
-2.8635 -0.0799999;
-2.8635 -0.0799999;
-2.8635 -0.0571427;
-2.8635 -0.0571427;
-2.8635 -0.0457144;
-2.8635 -0.0342855;
-2.8635 -0.0342855;
-2.8635 -0.0228572;
-2.8635 -0.0114284;
-2.8635 0.0114286;
-2.8635 0.0342858;
-2.8635 0.0685713;
-2.8635 0.0799999;
-2.852 0.0799999;
-2.852 0.0914285;
-2.852 0.102857;
-2.852 0.114286;
-2.852 0.125714;
-2.8405 0.137143;
-2.8405 0.148571;
-2.8405 0.16;
-2.829 0.171429;
-2.8175 0.194286;
-2.8175 0.228571;
-2.806 0.251429;
-2.806 0.262857;
-2.806 0.262857;
-2.806 0.274286;
-2.806 0.285714;
-2.7945 0.285714;
-2.7945 0.285714;
-2.783 0.285714;
-2.7715 0.285714;
-2.7485 0.297143;
-2.7255 0.297143;
-2.714 0.297143;
-2.7025 0.297143;
-2.7025 0.297143;
-2.691 0.297143;
-2.691 0.297143;
-2.691 0.308571;
-2.668 0.308571;
-2.599 0.331429;
-2.53 0.4;
-2.4495 0.48;
-2.369 0.56;
-2.346 0.605714;
-2.3115 0.617143;
-2.2885 0.628572;
-2.2655 0.64;
-2.2425 0.651428;
-2.208 0.685714;
-2.185 0.708571;
-2.162 0.731429;
-2.1505 0.742857;
-2.1505 0.754286;
-2.139 0.765714;
-2.1275 0.765714;
-2.116 0.788571;
-2.1045 0.8;
-2.093 0.811429;
-2.0815 0.822857;
-2.07 0.834286;
-2.07 0.834286;
-2.0585 0.845714;
-2.047 0.857143;
-2.0355 0.857143;
-2.024 0.868572;
-2.0125 0.88;
-2.001 0.891428;
-2.001 0.902857;
-1.9895 0.948571;
-1.9665 0.994286;
-1.9435 1.02857;
-1.9205 1.06286;
-1.909 1.08571;
-1.8975 1.10857;
-1.886 1.12;
-1.8745 1.13143;
-1.863 1.15429;
-1.8515 1.17714;
-1.84 1.18857;
-1.8285 1.2;
-1.8285 1.2;
-1.817 1.21143;
-1.8055 1.23429;
-1.7825 1.25714;
-1.771 1.28;
-1.748 1.30286;
-1.7365 1.32571;
-1.725 1.33714;
-1.725 1.34857;
-1.702 1.36;
-1.679 1.38286;
-1.656 1.41714;
-1.633 1.42857;
-1.6215 1.45143;
-1.61 1.45143;
-1.587 1.47429;
-1.564 1.48571;
-1.5295 1.50857;
-1.5065 1.53143;
-1.4835 1.54286;
-1.472 1.56571;
-1.449 1.58857;
-1.4375 1.61143;
-1.426 1.63429;
-1.4145 1.64571;
-1.403 1.65714;
-1.3915 1.66857;
-1.3685 1.68;
-1.357 1.70286;
-1.3455 1.72571;
-1.3225 1.74857;
-1.311 1.76;
-1.2995 1.77143;
-1.288 1.78286;
-1.2765 1.79429;
-1.2535 1.80571;
-1.219 1.84;
-1.196 1.85143;
-1.1845 1.86286;
-1.173 1.87429;
-1.15 1.88571;
-1.1385 1.88571;
-1.1385 1.89714;
-1.127 1.90857;
-1.127 1.90857;
-1.1155 1.90857;
-1.104 1.92;
-1.104 1.92;
-1.0925 1.93143;
-1.0925 1.93143;
-1.081 1.93143;
-1.081 1.94286;
-1.0695 1.95429;
-1.0695 1.96571;
-1.058 1.97714;
-1.0465 1.98857;
-1.035 2;
-1.035 2;
-1.0235 2.01143;
-1.0235 2.01143;
-1.012 2.02286;
-1.012 2.02286;
-0.9775 2.02286;
-0.9545 2.04571;
-0.943 2.06857;
-0.9315 2.06857;
-0.92 2.09143;
-0.92 2.09143;
-0.9085 2.10286;
-0.9085 2.11429;
-0.9085 2.11429;
-0.897 2.11429;
-0.897 2.12571;
-0.897 2.13714;
-0.8855 2.13714;
-0.8855 2.14857;
-0.8855 2.14857;
-0.8855 2.16;
-0.874 2.16;
-0.874 2.16;
-0.874 2.17143;
-0.8625 2.17143;
-0.8625 2.17143;
-0.851 2.17143;
-0.851 2.17143;
-0.8395 2.17143;
-0.8395 2.17143;
-0.828 2.17143;
-0.8165 2.17143;
-0.805 2.17143;
-0.7935 2.17143;
-0.7935 2.17143;
-0.782 2.17143;
-0.7705 2.17143;
-0.7475 2.17143;
-0.713 2.18286;
-0.7015 2.18286;
-0.69 2.19429;
-0.69 2.19429;
-0.6785 2.20571;
-0.667 2.20571;
-0.6555 2.20571;
-0.644 2.21714;
-0.6325 2.22857;
-0.6325 2.22857;
-0.621 2.22857;
-0.621 2.24;
-0.6095 2.24;
-0.6095 2.25143;
-0.6095 2.25143;
-0.6095 2.26286;
-0.598 2.27429;
-0.598 2.27429;
-0.598 2.28571;
-0.5865 2.28571;
-0.5865 2.28571;
-0.575 2.28571;
-0.575 2.28571;
-0.5635 2.28571;
-0.5635 2.28571;
-0.552 2.28571;
-0.552 2.28571;
-0.5405 2.28571;
-0.5405 2.28571;
-0.529 2.28571;
-0.529 2.28571;
-0.529 2.36571;
-0.529 2.36571;
-0.529 2.37714;
-0.529 2.38857;
-0.529 2.4;
-0.5405 2.41143;
-0.5405 2.42286;
-0.5405 2.43429;
-0.5405 2.45714;
-0.552 2.45714;
-0.552 2.46857;
-0.552 2.48;
-0.552 2.49143;
-0.5635 2.50286;
-0.5635 2.50286;
-0.5635 2.50286;
-0.5635 2.51429;
-0.575 2.52571;
-0.575 2.52571;
-0.575 2.53714;
-0.575 2.54857;
-0.5865 2.54857;
-0.5865 2.54857;
-0.598 2.57143;
-0.598 2.59429;
-0.598 2.59429;
-0.598 2.60571;
-0.6095 2.61714;
-0.6095 2.61714;
-0.6095 2.62857;
-0.6095 2.64;
-0.6095 2.64;
-0.621 2.65143;
-0.621 2.66286;
-0.621 2.68571;
-0.621 2.69714;
-0.621 2.73143;
-0.621 2.74286;
-0.621 2.75429;
-0.621 2.77714;
-0.621 2.77714;
-0.621 2.8;
-0.621 2.8;
-0.621 2.82286;
-0.621 2.84571;
-0.621 2.86857;
-0.621 2.88;
-0.621 2.89143;
-0.621 2.89143;
-0.621 2.90286;
-0.621 2.91429;
-0.621 2.91429;
-0.621 2.92571;
-0.621 2.93714;
-0.621 2.93714;
-0.621 2.96;
-0.621 2.96;
-0.6325 2.97143;
-0.6325 2.98286;
-0.6325 2.98286;
-0.644 2.98286;
-0.644 2.99429;
-0.6555 3.00571;
-0.6555 3.00571;
-0.667 3.01714;
-0.6785 3.02857;
-0.69 3.02857;
-0.69 3.04;
-0.7015 3.05143;
-0.7015 3.05143;
-0.713 3.05143;
-0.7245 3.06286;
-0.7245 3.06286;
-0.736 3.07429;
-0.759 3.07429;
-0.7705 3.07429;
-0.7935 3.08571;
-0.805 3.09714;
-0.805 3.09714;
-0.8165 3.09714;
-0.8395 3.10857;
-0.851 3.12;
-0.851 3.14286;
-0.851 3.14286;
-0.851 3.16571;
-0.851 3.18857;
-0.851 3.2;
-0.851 3.21143;
-0.851 3.21143;
-0.851 3.22286;
-0.851 3.23429;
-0.851 3.23429;
-0.851 3.24571;
-0.851 3.26857;
-0.851 3.28;
-0.851 3.30286;
-0.851 3.31429;
-0.851 3.32571;
-0.851 3.32571;
-0.851 3.33714;
-0.851 3.34857;
-0.851 3.34857;
-0.851 3.36;
-0.8625 3.38286;
-0.8625 3.39429;
-0.874 3.40571;
-0.874 3.41714;
-0.874 3.42857;
-0.8855 3.44;
-0.8855 3.44;
-0.8855 3.45143;
-0.8855 3.46286;
-0.8855 3.46286;
-0.897 3.48571;
-0.897 3.50857;
-0.897 3.50857;
-0.9085 3.50857;
-0.9085 3.52;
-0.92 3.53143;
-0.92 3.55429;
-0.9315 3.57714;
-0.9315 3.57714;
-0.9315 3.58857;
-0.9315 3.6;
-0.9315 3.6;
-0.943 3.61143;
-0.943 3.62286;
-0.943 3.63429;
-0.943 3.64571;
-0.943 3.64571;
-0.9545 3.64571;
-0.9545 3.65714;
-0.9545 3.65714;
-0.9545 3.66857;
-0.966 3.66857;
-0.966 3.66857;
-0.966 3.68;
-0.966 3.69143;
-0.966 3.69143;
-0.966 3.70286;
-0.966 3.71429;
-0.9775 3.71429;
-0.9775 3.72571;
-0.9775 3.72571;
-0.989 3.72571;
-0.989 3.72571;
-1.0235 3.76;
-1.0235 3.76;
-1.035 3.76;
-1.0465 3.76;
-1.058 3.76;
-1.058 3.76;
-1.0695 3.76;
-1.081 3.76;
-1.081 3.76;
-1.0925 3.76;
-1.0925 3.76;
-1.104 3.76;
-1.1155 3.76;
-1.1155 3.76;
-1.127 3.76;
-1.1385 3.76;
-1.1385 3.76;
-1.15 3.76;
-1.15 3.76;
-1.1615 3.76;
-1.1615 3.76;
-1.173 3.76;
-1.173 3.76;
-1.1845 3.76;
-1.1845 3.76;
-1.196 3.76;
-1.196 3.76;
-1.2075 3.76;
